1713883828749 0.6897674202919006 0
1713883855178 0.8344185948371887 1
1713883881619 0.861860454082489 2
1713883908035 0.8888372182846069 3
1713883934479 0.9060465097427368 4
1713883961048 0.9167441725730896 5
1713883987811 0.9279069900512695 6
1713884014394 0.9283720850944519 7
1713884041521 0.9288371801376343 8
1713884068237 0.9395349025726318 9
1713884094625 0.9330232739448547 10
1713884121097 0.9372093081474304 11
1713884147632 0.9409302473068237 12
1713884174293 0.9488372206687927 13
1713884200699 0.9353488087654114 14
1713884227259 0.944651186466217 15
1713884253756 0.9460465312004089 16
1713884280351 0.9413953423500061 17
1713884306755 0.9376744031906128 18
1713884333249 0.942790687084198 19
1713884360082 0.952558159828186 0
1713884386658 0.9465116262435913 1
1713884413174 0.960465133190155 2
1713884439635 0.9488372206687927 3
1713884466155 0.9530232548713684 4
1713884492625 0.930232584476471 5
1713884519092 0.9590697884559631 6
1713884545546 0.9493023157119751 7
1713884572216 0.9562790989875793 8
1713884599173 0.9488372206687927 9
