1713883828749 0.0005000000237487257 0
1713883855178 0.0005000000237487257 1
1713883881619 0.0005000000237487257 2
1713883908035 0.0005000000237487257 3
1713883934479 0.0005000000237487257 4
1713883961048 0.0005000000237487257 5
1713883987811 0.0005000000237487257 6
1713884014394 0.0005000000237487257 7
1713884041521 0.0005000000237487257 8
1713884068237 0.0005000000237487257 9
1713884094625 0.0005000000237487257 10
1713884121097 0.0005000000237487257 11
1713884147632 0.0005000000237487257 12
1713884174293 0.0005000000237487257 13
1713884200699 0.0005000000237487257 14
1713884227259 0.0005000000237487257 15
1713884253756 0.0005000000237487257 16
1713884280351 0.0005000000237487257 17
1713884306755 0.0005000000237487257 18
1713884333249 0.0005000000237487257 19
1713884360082 0.0005000000237487257 0
1713884386658 0.0005000000237487257 1
1713884413174 0.0005000000237487257 2
1713884439635 0.0005000000237487257 3
1713884466155 0.0005000000237487257 4
1713884492625 0.0005000000237487257 5
1713884519092 0.0005000000237487257 6
1713884545546 0.0005000000237487257 7
1713884572216 0.0005000000237487257 8
1713884599173 0.0005000000237487257 9
