1713883828749 2.5869455337524414 0
1713883855178 2.09670090675354 1
1713883881619 1.9160431623458862 2
1713883908035 1.7909585237503052 3
1713883934479 1.6523852348327637 4
1713883961048 1.557695984840393 5
1713883987811 1.4397716522216797 6
1713884014394 1.352491021156311 7
1713884041521 1.2866960763931274 8
1713884068237 1.2104867696762085 9
1713884094625 1.1560364961624146 10
1713884121097 1.0993176698684692 11
1713884147632 1.0404024124145508 12
1713884174293 0.9764279723167419 13
1713884200699 0.959752082824707 14
1713884227259 0.9173822402954102 15
1713884253756 0.869404137134552 16
1713884280351 0.8600857853889465 17
1713884306755 0.8233722448348999 18
1713884333249 0.7829088568687439 19
1713884360082 0.7443877458572388 0
1713884386658 0.727342426776886 1
1713884413174 0.6790414452552795 2
1713884439635 0.6765454411506653 3
1713884466155 0.6580445170402527 4
1713884492625 0.702654242515564 5
1713884519092 0.6299242377281189 6
1713884545546 0.620397686958313 7
1713884572216 0.5957686901092529 8
1713884599173 0.5824030041694641 9
